600 6.80375 -2.11234 5.66198 5.9688 8.23295 -6.04897 -3.29555 5.36459 -4.44451 
1.0794 600 -0.452059 2.57742 -2.70431 0.268018 9.04459 8.3239 2.71423 4.34594 
-7.16795 2.13938 600 -9.67399 -5.14226 -7.25537 6.08353 -6.86642 -1.98111 -7.40419 
-7.82382 9.97849 -5.63486 600 0.258648 6.78224 2.2528 -4.07937 2.75105 0.485744 
-0.128341 9.4555 -4.14966 5.42715 600 0.534899 5.39828 -1.99543 7.83059 -4.33371 
-2.95083 6.15449 8.38053 -8.60489 8.98654 600 0.519907 -8.27888 -6.15572 3.26454 
7.80465 -3.02214 -8.71657 -9.59954 -0.845965 -8.73808 600 -5.2344 9.41268 8.04416 
7.01839 -4.66669 0.795207 -2.49586 5.20497 0.250708 3.35448 600 0.632129 -9.21439 
-1.24725 8.6367 8.6162 4.41905 -4.31413 4.77069 2.79958 -2.91903 600 3.75723 
-6.68052 -1.19791 7.6015 6.58402 -3.39326 -5.42064 7.86745 -2.9928 3.7334 600 
